0.156839 0.302418 0.802251 1.000000 0.994214 0.874588 0.786322 0.749133 0.709792 0.609816 0.628334 0.955376 1.000000 1.000000 0.972077 0.921434 1.000000 1.000000 1.000000 1.000000 0.886623 0.827786 1.000000 1.000000 1.000000 1.000000 1.000000 0.347713 0.130195 0.256791 0.413206 0.722817 0.931156 0.899301 0.423780 0.436978 0.543066 0.704276 0.804977 0.906922
0.062596 0.115844 0.542786 0.994762 0.965144 0.899664 0.800833 0.687544 0.709670 0.705500 0.641213 0.736964 0.951198 1.000000 1.000000 1.000000 1.000000 0.987937 0.981778 0.759451 0.518465 0.319868 0.987472 1.000000 1.000000 1.000000 1.000000 0.527108 0.159081 0.115276 0.285825 0.940748 0.950570 0.920679 0.565735 0.406108 0.558028 0.778395 0.661683 0.793117
0.184543 0.359211 0.701365 0.973695 0.977361 0.930959 0.903410 0.955421 0.961227 0.914199 0.836732 0.919559 1.000000 1.000000 1.000000 1.000000 0.993057 0.999612 1.000000 1.000000 0.934656 0.675291 0.635095 0.980678 1.000000 1.000000 1.000000 0.740984 0.250126 0.194398 0.462527 0.936592 0.925465 0.892965 0.561182 0.589043 0.733697 0.778480 0.477669 0.704685
0.018069 0.166264 0.611557 0.908270 0.952616 0.901538 0.813286 0.769866 0.737949 0.570628 0.578589 0.822239 1.000000 1.000000 1.000000 1.000000 1.000000 0.887613 1.000000 0.891040 0.851783 0.891931 1.000000 1.000000 1.000000 1.000000 1.000000 0.382793 0.182933 0.183784 0.295710 0.924199 0.940857 0.938175 0.852175 0.670149 0.705234 0.760788 0.487838 0.760872
0.000000 0.017148 0.526490 0.862360 0.932056 0.929614 0.786728 0.672444 0.767352 0.714667 0.697154 0.684362 1.000000 1.000000 1.000000 1.000000 1.000000 0.505327 0.376329 0.428799 0.373586 0.416981 1.000000 1.000000 1.000000 1.000000 1.000000 0.335337 0.224184 0.178047 0.265709 0.935024 0.957025 0.971274 0.951151 0.688050 0.684289 0.735402 0.446525 0.673836
0.101413 0.257386 0.528226 0.718047 0.906334 0.960775 0.946949 0.954093 0.930642 0.862112 0.733299 0.755957 1.000000 1.000000 1.000000 1.000000 0.902925 0.411321 0.506517 0.618830 0.551351 0.699925 1.000000 1.000000 1.000000 1.000000 1.000000 0.704205 0.304296 0.206052 0.426834 0.933874 0.930971 0.940637 0.965158 0.863285 0.796520 0.730444 0.394351 0.554612
0.263355 0.394495 0.539653 0.661692 0.794174 0.927888 0.949194 0.920579 0.672225 0.535859 0.595128 0.769697 0.994364 1.000000 1.000000 1.000000 0.675506 0.181153 0.231937 0.561662 0.666429 0.850933 1.000000 1.000000 1.000000 1.000000 1.000000 0.516740 0.252428 0.180225 0.359991 0.923307 0.923165 0.942836 0.987231 0.997107 0.854785 0.713130 0.292161 0.566411
0.466352 0.481528 0.575202 0.648216 0.756787 0.889169 0.923386 0.956527 0.822874 0.640412 0.535967 0.672608 0.995738 1.000000 1.000000 1.000000 1.000000 0.478682 0.309780 0.306151 0.272245 0.513165 1.000000 1.000000 1.000000 1.000000 0.665910 0.254928 0.228669 0.199907 0.330397 0.922766 0.931222 0.961119 1.000000 1.000000 0.822572 0.605496 0.154458 0.478424
0.679013 0.600974 0.532403 0.589756 0.725212 0.919974 0.975967 1.000000 0.924905 0.795558 0.754542 0.897409 0.998456 1.000000 1.000000 1.000000 0.798457 0.425507 0.401967 0.405745 0.257391 0.573458 1.000000 1.000000 1.000000 1.000000 0.939438 0.499368 0.346742 0.273627 0.479157 0.934669 0.933685 0.958731 0.999203 1.000000 0.835007 0.597554 0.320989 0.426455
0.802547 0.776522 0.542369 0.477793 0.604933 0.867030 0.957753 0.920820 0.701089 0.606829 0.730549 0.972625 0.998055 1.000000 1.000000 1.000000 0.686823 0.401227 0.634001 0.711750 0.481265 0.449781 1.000000 1.000000 1.000000 1.000000 0.888862 0.460578 0.296331 0.189564 0.376112 0.909843 0.929468 0.962788 1.000000 0.999479 0.844607 0.601580 0.274291 0.606471
0.793853 0.769589 0.537517 0.444170 0.565013 0.810574 0.907988 0.896918 0.779230 0.688610 0.846642 0.996223 0.997179 1.000000 1.000000 1.000000 0.849156 0.863580 0.841263 0.666260 0.275306 0.000000 1.000000 1.000000 1.000000 1.000000 0.571313 0.239197 0.165731 0.115135 0.269839 0.916518 0.956363 1.000000 1.000000 0.980640 0.798240 0.432909 0.183243 0.560902
0.795888 0.729332 0.524120 0.441447 0.596399 0.834774 0.893517 0.898207 0.887739 0.824678 1.000000 1.000000 1.000000 1.000000 1.000000 0.695625 0.684753 0.865252 0.827216 0.523896 0.160005 0.002913 1.000000 1.000000 1.000000 1.000000 0.872057 0.365584 0.216530 0.126190 0.328639 0.942754 0.999676 1.000000 1.000000 0.937685 0.735731 0.455687 0.411232 0.621268
0.863494 0.819093 0.619557 0.335425 0.452461 0.712467 0.824260 0.784771 0.737770 0.716926 0.973464 1.000000 1.000000 1.000000 1.000000 0.781945 0.717938 0.982206 1.000000 0.947920 0.438820 0.190103 1.000000 1.000000 1.000000 1.000000 0.771202 0.370572 0.178797 0.026740 0.204450 0.919790 0.999492 1.000000 1.000000 0.895669 0.738191 0.496763 0.518871 0.841626
0.854400 0.834847 0.665603 0.278017 0.353848 0.624358 0.770682 0.773173 0.815707 0.899299 1.000000 1.000000 1.000000 1.000000 0.721948 0.596757 0.716082 0.980317 1.000000 1.000000 0.558613 0.362584 1.000000 1.000000 1.000000 1.000000 0.798011 0.262748 0.032684 0.000000 0.156622 0.946384 1.000000 1.000000 0.994756 0.833065 0.619941 0.385027 0.460258 0.823886
0.834941 0.830360 0.607938 0.251232 0.353287 0.701050 0.781218 0.806001 0.875646 0.969315 1.000000 1.000000 1.000000 1.000000 0.625519 0.532259 0.662491 0.840394 0.977390 0.935725 0.411875 0.353032 1.000000 1.000000 1.000000 1.000000 0.985574 0.356912 0.045432 0.000000 0.377266 0.969489 1.000000 1.000000 0.961243 0.792573 0.535397 0.429348 0.591871 0.844889
0.855876 0.861780 0.717834 0.166415 0.170641 0.634763 0.767430 0.824573 0.729262 0.673064 0.945399 1.000000 1.000000 1.000000 0.963848 0.782612 0.759499 0.848036 1.000000 1.000000 0.536596 0.326780 1.000000 1.000000 1.000000 1.000000 0.904283 0.308273 0.011719 0.000000 0.367789 0.985164 1.000000 1.000000 0.919583 0.727315 0.562337 0.551699 0.750136 0.966585
0.866290 0.899208 0.788942 0.422331 0.467360 0.644454 0.781968 0.910036 0.750467 0.528801 0.872053 1.000000 1.000000 1.000000 0.897262 0.772999 0.719965 0.784533 0.998669 0.984173 0.808397 0.748634 1.000000 1.000000 1.000000 1.000000 0.790794 0.415777 0.128557 0.167296 0.463957 0.987563 1.000000 0.973106 0.857365 0.611404 0.543652 0.541018 0.765456 0.956526
0.838534 0.873717 0.751010 0.524336 0.560645 0.684464 0.821631 1.000000 0.697363 0.334744 0.639779 0.997433 1.000000 1.000000 0.992094 0.933352 0.749457 0.747598 0.803347 0.686842 0.736406 0.855401 1.000000 1.000000 1.000000 1.000000 0.874762 0.631571 0.321282 0.357284 0.582685 0.981800 0.986338 0.955621 0.814111 0.521004 0.497801 0.586099 0.831162 0.998856
0.840721 0.864737 0.779860 0.577287 0.600663 0.722680 0.896203 1.000000 0.418392 0.266700 0.524813 0.973968 1.000000 1.000000 1.000000 1.000000 0.987663 0.815272 0.766471 0.621523 0.752639 0.929428 1.000000 1.000000 1.000000 1.000000 0.814160 0.694094 0.491483 0.466638 0.619360 0.955252 0.977973 0.945109 0.679903 0.467389 0.501956 0.701738 0.983914 1.000000
0.863817 0.869375 0.741355 0.589242 0.658807 0.809505 0.961822 1.000000 0.356163 0.276809 0.519483 0.885141 1.000000 1.000000 1.000000 1.000000 1.000000 0.826484 0.687576 0.604624 0.866195 1.000000 1.000000 1.000000 1.000000 0.951053 0.808880 0.824096 0.717516 0.626066 0.719419 0.942350 0.965321 0.921099 0.594060 0.477495 0.516452 0.806559 0.987483 1.000000
0.862695 0.840418 0.672395 0.555614 0.729391 0.930363 1.000000 1.000000 0.392915 0.339938 0.527624 0.769243 0.964912 1.000000 1.000000 1.000000 1.000000 0.817772 0.594705 0.518157 0.797312 1.000000 1.000000 1.000000 1.000000 0.800034 0.776339 0.924319 0.919192 0.766706 0.773027 0.914766 0.955834 0.820178 0.532600 0.493308 0.648719 0.953078 0.980443 0.997324
0.836424 0.803210 0.606816 0.486759 0.727865 0.973986 1.000000 1.000000 0.595003 0.430841 0.531158 0.663946 0.801818 1.000000 1.000000 1.000000 1.000000 1.000000 0.670962 0.575608 0.832443 1.000000 1.000000 1.000000 0.995991 0.696533 0.706565 0.938867 1.000000 0.873736 0.784081 0.848540 0.929111 0.687534 0.480078 0.450537 0.638736 0.936358 0.977629 1.000000
0.888639 0.811062 0.475294 0.330387 0.655126 1.000000 1.000000 1.000000 0.760250 0.452414 0.523952 0.624085 0.673792 0.784380 1.000000 1.000000 1.000000 1.000000 0.732100 0.594298 0.798135 1.000000 1.000000 1.000000 0.818758 0.624821 0.688738 0.988067 1.000000 0.933557 0.800228 0.803360 0.785123 0.570963 0.439805 0.456537 0.740251 0.943503 0.981005 1.000000
0.988024 0.841854 0.612902 0.341294 0.660384 1.000000 1.000000 1.000000 0.850109 0.558265 0.585218 0.653384 0.637089 0.555764 0.991327 1.000000 1.000000 1.000000 0.741553 0.660269 0.712407 0.873511 0.803850 0.608819 0.632270 0.557520 0.665665 0.953018 1.000000 0.991409 0.839111 0.763557 0.629516 0.494726 0.420507 0.474983 0.809469 0.942467 0.974943 0.994374
0.883626 0.746322 0.569786 0.369637 0.524757 0.980964 1.000000 1.000000 0.788711 0.551076 0.588049 0.649209 0.598431 0.331700 0.839250 1.000000 1.000000 1.000000 1.000000 0.852645 0.800415 0.847718 0.667882 0.545783 0.607847 0.625437 0.735759 0.910256 0.965791 0.980091 0.902394 0.814516 0.653290 0.453896 0.370432 0.402257 0.750039 0.919716 0.953224 0.980483
0.848080 0.724577 0.571523 0.300997 0.456754 1.000000 1.000000 1.000000 0.767599 0.627456 0.654180 0.702212 0.607712 0.167474 0.540893 1.000000 1.000000 1.000000 1.000000 0.874846 0.695717 0.648630 0.458394 0.168927 0.466038 0.553558 0.808743 0.961274 0.922517 0.957238 0.969884 0.942977 0.589334 0.379305 0.351715 0.430829 0.847170 0.935810 0.977455 1.000000
0.971163 0.848789 0.698684 0.468421 0.565197 1.000000 1.000000 0.994735 0.811753 0.740988 0.717949 0.749889 0.699420 0.280070 0.477221 1.000000 1.000000 1.000000 1.000000 0.906637 0.650383 0.518843 0.289046 0.089108 0.623761 0.676607 0.780336 0.925861 0.914147 0.928631 0.996965 1.000000 0.533242 0.310627 0.308813 0.408186 0.797905 0.955428 0.950586 0.950152
0.883335 0.790899 0.626063 0.501268 0.558395 0.700894 0.940894 0.962176 0.923500 0.785845 0.696277 0.773677 0.770168 0.460881 0.335572 0.987131 1.000000 1.000000 1.000000 0.927890 0.777467 0.381380 0.031180 0.138231 0.764038 0.961604 0.894906 0.895889 0.855983 0.883879 1.000000 1.000000 0.975435 0.263573 0.215990 0.297764 0.830128 0.958137 0.915339 0.878457
0.742854 0.696236 0.645353 0.442297 0.532378 0.707250 0.965564 1.000000 1.000000 0.675998 0.636202 0.808115 0.791321 0.445974 0.289584 0.665145 1.000000 1.000000 1.000000 0.959966 0.788241 0.279335 0.005856 0.026449 0.570621 0.934797 0.901452 0.887266 0.818337 0.812264 1.000000 1.000000 1.000000 0.330051 0.267335 0.395294 0.992195 0.995341 0.930984 0.858638
0.835596 0.843385 0.830130 0.468906 0.485719 0.784353 0.947510 1.000000 0.990992 0.709173 0.730092 0.875172 0.836733 0.549365 0.360564 0.842950 1.000000 1.000000 1.000000 1.000000 0.558264 0.202450 0.017112 0.127241 0.717990 0.965643 0.898393 0.847686 0.823077 0.836284 0.905636 0.974846 0.567005 0.247372 0.246145 0.392479 1.000000 1.000000 0.927013 0.896649
0.869800 0.849616 0.700887 0.164700 0.333583 0.602190 0.871953 0.954512 0.999915 0.890540 0.759674 0.790723 0.788526 0.794448 0.755925 1.000000 1.000000 1.000000 1.000000 1.000000 1.000000 0.729477 0.161830 0.307176 0.853491 1.000000 0.947096 0.797454 0.793184 0.994076 1.000000 1.000000 0.962373 0.204206 0.110201 0.242039 0.889543 0.993912 0.908765 0.896985
0.775621 0.743004 0.658033 0.202886 0.302993 0.801184 0.900344 0.994741 1.000000 0.752155 0.527401 0.733083 0.846851 0.888496 0.781798 0.789259 1.000000 1.000000 1.000000 1.000000 1.000000 0.834031 0.364021 0.274405 0.531102 1.000000 0.988090 0.785147 0.687545 0.730358 0.842839 1.000000 0.929854 0.419844 0.191956 0.307616 0.927973 1.000000 0.945050 0.902689
0.884213 0.807706 0.741191 0.636938 0.417428 0.692868 0.892366 0.960919 0.960739 0.620991 0.540002 0.887560 0.905716 0.864167 0.938811 1.000000 1.000000 1.000000 1.000000 1.000000 1.000000 0.777215 0.553365 0.410487 0.525132 0.913936 0.991493 0.917106 0.901592 0.833836 0.545154 0.513301 0.501572 0.344219 0.208440 0.183290 0.767458 1.000000 0.988810 0.950493
1.000000 0.902413 0.667421 0.306312 0.453803 0.556295 0.736200 0.855250 0.879441 0.973852 1.000000 0.983454 0.879058 0.814873 1.000000 1.000000 1.000000 1.000000 0.924491 0.884211 1.000000 1.000000 0.848205 0.657545 0.684018 0.984492 0.990731 0.997598 1.000000 1.000000 1.000000 0.695234 0.422772 0.128881 0.124083 0.407610 0.785737 0.910390 0.948921 0.953839
0.918742 0.811044 0.727300 0.740420 0.732522 0.844938 0.921928 0.950197 0.973588 0.955069 0.895637 0.951240 0.922305 1.000000 0.967311 0.827723 0.911874 0.934351 0.862678 0.926666 1.000000 1.000000 0.820663 0.503158 0.445048 0.748809 0.979270 0.935565 0.975666 0.981431 0.458748 0.469009 0.527992 0.331745 0.055770 0.264079 0.939762 0.949131 0.965980 0.987847
0.782515 0.719374 0.760920 0.768590 0.708986 0.810116 0.806041 0.843522 0.871570 0.855984 0.864387 0.971336 0.934793 1.000000 1.000000 1.000000 1.000000 1.000000 1.000000 0.758177 0.820190 0.963955 0.807510 0.635617 0.521561 0.605678 0.473605 1.000000 1.000000 0.970143 0.507402 0.332567 0.424028 0.415958 0.125300 0.009981 0.903348 0.954909 0.995628 1.000000
1.000000 0.887616 0.723862 0.643912 0.594653 0.710446 0.703246 0.696170 0.714724 0.987763 1.000000 1.000000 0.916043 0.911252 1.000000 1.000000 1.000000 0.997914 0.813772 0.528673 0.682031 0.965060 0.960612 0.905973 0.825747 0.735660 0.576884 1.000000 1.000000 1.000000 0.959652 0.400947 0.227997 0.348194 0.282264 0.354006 0.796237 0.921885 0.950023 0.997231
1.000000 0.892433 0.816766 0.827454 0.862031 0.937037 0.947223 0.874351 0.805644 0.858682 1.000000 1.000000 0.955234 0.920898 0.935160 1.000000 0.906791 0.810705 0.766344 0.928677 1.000000 1.000000 0.967158 0.892485 0.591477 0.422614 0.277066 0.720002 1.000000 1.000000 1.000000 0.128859 0.237113 0.295373 0.377806 0.472474 0.896457 0.922324 0.960717 1.000000
0.224346 0.570466 0.850717 0.800565 0.611761 0.553594 0.753655 0.890784 0.895452 0.817399 0.902337 1.000000 0.997341 1.000000 1.000000 0.845679 1.000000 1.000000 0.973353 0.659930 0.782892 0.976520 0.907237 0.760809 0.473781 0.056347 0.251455 0.695424 0.993309 1.000000 1.000000 0.606474 0.295721 0.277556 0.185794 0.183116 0.494407 0.928926 0.948839 1.000000
0.664449 0.995133 0.947459 0.817912 0.642145 0.733226 0.776949 0.805839 0.799951 0.746550 1.000000 1.000000 0.987714 0.989229 1.000000 1.000000 1.000000 1.000000 0.716105 0.226962 0.557364 0.962816 1.000000 0.972559 0.819886 0.491296 0.380651 0.888312 1.000000 1.000000 1.000000 0.795724 0.401512 0.271504 0.202250 0.302199 0.454978 0.925616 0.930032 0.971769
