0.484100 0.516950 0.680038 1.000000 1.000000 0.995503 0.950183 0.879128 0.803028 0.685458 0.653668 0.901597 1.000000 1.000000 0.936678 0.885741 0.907017 1.000000 1.000000 1.000000 0.975145 0.939992 1.000000 1.000000 1.000000 1.000000 1.000000 0.511805 0.311407 0.365922 0.446200 0.655489 0.929984 0.911190 0.664058 0.653121 0.740727 0.897709 0.939607 0.792521
0.436777 0.430672 0.607915 1.000000 1.000000 1.000000 0.983427 0.827106 0.781665 0.718411 0.658656 0.754407 0.851304 0.977584 0.998563 0.998454 1.000000 1.000000 0.998752 0.950501 0.868510 0.738242 0.915915 1.000000 1.000000 1.000000 1.000000 0.422725 0.297300 0.297501 0.401220 0.918068 1.000000 1.000000 0.733610 0.606704 0.729487 0.908743 0.760153 0.764152
0.493795 0.537678 0.721274 0.952641 1.000000 1.000000 1.000000 1.000000 0.941161 0.865902 0.816369 0.872075 0.916102 0.965059 0.975730 0.963319 0.950437 0.989046 1.000000 1.000000 0.975216 0.771789 0.686883 0.894031 1.000000 1.000000 1.000000 0.477340 0.300292 0.333094 0.546805 0.984928 1.000000 1.000000 0.737042 0.746598 0.854976 0.914655 0.683546 0.834311
0.406506 0.446427 0.665003 0.947249 1.000000 0.998104 0.975312 0.897833 0.805381 0.658234 0.693539 0.877929 1.000000 1.000000 1.000000 0.996768 0.875035 0.755912 0.995918 0.971883 0.933064 0.897667 1.000000 1.000000 1.000000 1.000000 1.000000 0.379588 0.334641 0.353756 0.415752 0.961942 1.000000 1.000000 0.899200 0.780030 0.845943 0.926595 0.671984 0.816762
0.373420 0.392142 0.663019 0.912233 1.000000 1.000000 0.990679 0.862533 0.801937 0.700038 0.746340 0.739907 0.902923 1.000000 1.000000 1.000000 1.000000 0.683196 0.756771 0.789957 0.733675 0.688909 1.000000 1.000000 1.000000 1.000000 1.000000 0.373901 0.363078 0.342112 0.371141 0.966622 1.000000 1.000000 0.883886 0.740727 0.826095 0.901693 0.572493 0.651708
0.421329 0.488878 0.663698 0.811620 0.967047 1.000000 0.993121 0.997726 0.893502 0.816098 0.756201 0.777511 0.908922 1.000000 1.000000 1.000000 0.906637 0.704915 0.832633 0.883897 0.795046 0.786286 0.980923 1.000000 1.000000 1.000000 1.000000 0.555764 0.379310 0.349062 0.511966 0.966254 1.000000 1.000000 0.849695 0.842074 0.922821 0.931776 0.615680 0.684590
0.523671 0.529934 0.615685 0.737476 0.886583 1.000000 0.993627 0.987013 0.778213 0.674187 0.751792 0.862216 1.000000 1.000000 1.000000 1.000000 0.654984 0.427135 0.654451 0.863594 0.852818 0.879246 1.000000 1.000000 1.000000 1.000000 0.993540 0.501810 0.401818 0.367817 0.478601 0.991262 1.000000 0.982315 0.960528 0.947443 0.972204 0.944796 0.588885 0.754192
0.729502 0.653342 0.680710 0.752827 0.873746 1.000000 0.994174 0.992978 0.869318 0.742810 0.688172 0.739168 0.993773 1.000000 1.000000 1.000000 0.885663 0.658529 0.669526 0.689842 0.648485 0.785826 1.000000 1.000000 1.000000 1.000000 0.528797 0.377878 0.394569 0.375420 0.433399 0.962167 0.989516 0.998618 1.000000 0.923854 0.931146 0.850371 0.460935 0.588604
0.792122 0.707946 0.681167 0.734378 0.847581 0.997557 0.989261 0.983316 0.912887 0.823186 0.799430 0.848232 1.000000 1.000000 1.000000 1.000000 0.790536 0.662799 0.714747 0.705748 0.550593 0.746926 1.000000 1.000000 1.000000 1.000000 0.760671 0.506590 0.427216 0.382528 0.542239 0.985554 1.000000 1.000000 1.000000 0.993289 0.970703 0.845132 0.538170 0.456831
0.816749 0.783956 0.652329 0.643958 0.761568 0.953540 0.986830 0.973032 0.824275 0.760579 0.845173 1.000000 1.000000 1.000000 1.000000 1.000000 0.666423 0.571620 0.825120 0.870306 0.678149 0.678254 1.000000 1.000000 1.000000 1.000000 0.747163 0.502002 0.418738 0.355804 0.493675 0.954915 0.968204 0.967182 1.000000 1.000000 1.000000 0.856091 0.511684 0.668884
0.852430 0.845881 0.698154 0.641688 0.743645 0.927405 0.981040 0.973992 0.851945 0.779034 0.869002 1.000000 1.000000 1.000000 1.000000 0.866228 0.755086 0.814252 0.896182 0.866965 0.646019 0.399574 1.000000 1.000000 1.000000 1.000000 0.540254 0.378720 0.359312 0.330375 0.406374 0.955577 0.985856 0.997212 1.000000 1.000000 0.998538 0.716985 0.420695 0.630203
0.850338 0.837346 0.731165 0.673744 0.761185 0.935699 0.973802 0.967620 0.883432 0.839870 1.000000 1.000000 1.000000 1.000000 0.910803 0.686577 0.711392 0.837088 0.877375 0.755032 0.524796 0.318017 1.000000 1.000000 1.000000 1.000000 0.757941 0.450969 0.381963 0.324212 0.457091 0.960552 1.000000 1.000000 1.000000 1.000000 0.961649 0.700855 0.532245 0.590239
0.870913 0.879213 0.755420 0.598479 0.658786 0.852154 0.964007 0.938749 0.820457 0.793872 1.000000 1.000000 1.000000 1.000000 0.984378 0.739765 0.757612 0.894624 1.000000 0.939647 0.618424 0.410019 1.000000 1.000000 1.000000 1.000000 0.689258 0.461031 0.369304 0.284899 0.394507 0.931266 0.996731 1.000000 1.000000 1.000000 0.979757 0.723242 0.597751 0.740091
0.855122 0.881187 0.807176 0.607256 0.634626 0.833104 0.952405 0.939131 0.845073 0.830092 1.000000 1.000000 1.000000 1.000000 0.603994 0.575185 0.712906 0.880410 1.000000 1.000000 0.664110 0.486496 1.000000 1.000000 1.000000 1.000000 0.734591 0.387708 0.291105 0.241537 0.383578 0.963059 1.000000 1.000000 1.000000 1.000000 0.888504 0.635561 0.559394 0.751157
0.859950 0.864352 0.789279 0.642705 0.675945 0.915002 0.949139 0.940620 0.846387 0.848370 1.000000 1.000000 1.000000 1.000000 0.533515 0.541630 0.691124 0.841739 0.963074 0.920520 0.525870 0.469964 1.000000 1.000000 1.000000 1.000000 0.841854 0.437838 0.300754 0.271982 0.581682 0.990438 1.000000 1.000000 1.000000 1.000000 0.802115 0.630257 0.636744 0.745871
0.894301 0.908520 0.835938 0.618380 0.583893 0.896205 0.937394 0.930119 0.737504 0.689251 1.000000 1.000000 1.000000 1.000000 0.725790 0.702553 0.778685 0.882876 0.970544 0.959511 0.539182 0.408892 1.000000 1.000000 1.000000 1.000000 0.869213 0.455753 0.299702 0.285906 0.582031 0.976340 1.000000 1.000000 1.000000 0.973866 0.804297 0.681473 0.726812 0.816365
0.885386 0.913437 0.867905 0.787823 0.834945 0.905210 0.946097 0.949084 0.716971 0.590387 0.934120 1.000000 1.000000 1.000000 0.664491 0.686813 0.740024 0.820423 0.928975 0.815371 0.681555 0.596561 1.000000 1.000000 1.000000 1.000000 0.817000 0.595655 0.431948 0.468315 0.650469 0.994932 1.000000 1.000000 1.000000 0.892807 0.787393 0.664420 0.738957 0.822899
0.877414 0.891422 0.849158 0.844680 0.881552 0.917475 0.953735 0.960817 0.665616 0.499944 0.799649 1.000000 1.000000 1.000000 0.993943 0.808107 0.779883 0.800385 0.806968 0.648870 0.664597 0.651072 1.000000 1.000000 1.000000 1.000000 0.860489 0.742316 0.570056 0.599202 0.737439 0.996324 1.000000 1.000000 1.000000 0.819074 0.756638 0.691146 0.785262 0.848402
0.937713 0.942546 0.898618 0.892567 0.903105 0.925771 0.966603 0.978189 0.435066 0.488499 0.720882 1.000000 1.000000 1.000000 1.000000 1.000000 0.910865 0.827640 0.776032 0.600143 0.674012 0.687526 0.909579 1.000000 1.000000 0.976526 0.848468 0.784557 0.692836 0.691022 0.789424 0.989869 1.000000 1.000000 0.874766 0.751525 0.745572 0.747229 0.883065 0.921975
1.000000 0.973398 0.918279 0.909603 0.914579 0.934871 0.971864 0.984412 0.414119 0.492624 0.686367 0.919078 1.000000 1.000000 1.000000 1.000000 1.000000 0.823022 0.714922 0.572125 0.740498 0.864542 1.000000 1.000000 1.000000 0.929251 0.842621 0.846002 0.837425 0.814407 0.883465 0.997299 1.000000 1.000000 0.782471 0.707007 0.714176 0.793369 0.895231 0.935259
1.000000 1.000000 0.927115 0.910314 0.931675 0.945422 0.973797 0.994018 0.463466 0.529275 0.681294 0.853963 0.990028 1.000000 1.000000 1.000000 1.000000 0.849975 0.684915 0.535340 0.696496 0.848874 0.942742 1.000000 0.993472 0.861273 0.833188 0.891815 0.943131 0.922275 0.941778 0.996468 1.000000 0.923386 0.721906 0.684129 0.759372 0.911777 0.959360 0.976343
1.000000 1.000000 0.925343 0.883376 0.947880 0.956631 0.977862 1.000000 0.665475 0.585757 0.673775 0.780103 0.881839 1.000000 1.000000 1.000000 1.000000 0.940623 0.730377 0.562742 0.692180 0.875519 0.894024 0.899630 0.870680 0.805105 0.816348 0.915018 1.000000 0.997040 0.983169 0.989932 0.998494 0.795163 0.645814 0.613157 0.702827 0.957556 1.000000 1.000000
1.000000 1.000000 0.889495 0.776649 0.822475 0.969860 0.982575 1.000000 0.868707 0.625589 0.673497 0.737815 0.782091 0.847988 1.000000 1.000000 1.000000 1.000000 0.759624 0.571746 0.680630 0.869300 0.861764 0.792475 0.734520 0.734676 0.805201 0.954010 1.000000 1.000000 0.995046 0.990605 0.895336 0.694273 0.585255 0.579441 0.738194 1.000000 1.000000 1.000000
1.000000 1.000000 1.000000 0.790337 0.750118 0.985953 0.991398 1.000000 0.989271 0.743757 0.714026 0.736618 0.740454 0.701125 0.944010 1.000000 1.000000 1.000000 0.801436 0.667427 0.624877 0.770000 0.702715 0.533012 0.660696 0.689050 0.792294 0.956092 1.000000 1.000000 0.997952 0.988885 0.787289 0.633081 0.554866 0.575295 0.791074 1.000000 1.000000 1.000000
0.991829 0.998096 1.000000 0.736705 0.695866 0.982376 0.992066 0.997013 0.988656 0.775737 0.706245 0.706942 0.679437 0.504917 0.821669 1.000000 1.000000 1.000000 1.000000 0.777070 0.660766 0.729033 0.619580 0.585334 0.707016 0.749541 0.842249 0.976479 1.000000 1.000000 1.000000 0.994794 0.814081 0.583367 0.498976 0.510428 0.739866 1.000000 1.000000 1.000000
0.978851 0.986653 0.987211 0.597555 0.595731 0.839556 0.998109 0.996067 0.982365 0.843878 0.746497 0.724132 0.657462 0.367159 0.625050 0.975680 1.000000 1.000000 1.000000 0.797150 0.613555 0.621851 0.504952 0.282089 0.643141 0.742108 0.876679 1.000000 1.000000 1.000000 1.000000 1.000000 0.716882 0.513335 0.473018 0.521496 0.819180 1.000000 1.000000 1.000000
0.995015 1.000000 1.000000 0.635497 0.602347 0.857998 0.996360 0.991439 0.982380 0.915732 0.800279 0.756204 0.684813 0.366994 0.559659 0.894665 1.000000 1.000000 1.000000 0.854317 0.581499 0.562995 0.445105 0.229728 0.704046 0.827638 0.903647 0.984079 1.000000 1.000000 1.000000 1.000000 0.671785 0.487076 0.463240 0.521694 0.787516 1.000000 1.000000 1.000000
0.983643 0.987836 1.000000 0.646391 0.607953 0.591478 0.967966 0.980957 0.978036 0.978095 0.826536 0.754269 0.657918 0.383265 0.308569 0.768002 1.000000 1.000000 1.000000 1.000000 0.627893 0.527913 0.309205 0.385860 0.771169 0.983393 1.000000 0.995713 1.000000 1.000000 1.000000 1.000000 0.901680 0.453143 0.407940 0.443175 0.757121 1.000000 1.000000 0.986352
0.957105 0.962127 0.980367 0.525164 0.576305 0.648683 1.000000 0.990869 0.975297 0.916114 0.810442 0.757139 0.637179 0.380618 0.322701 0.578498 1.000000 1.000000 1.000000 1.000000 0.642168 0.505075 0.349840 0.371118 0.692052 0.982010 1.000000 0.995525 0.988179 1.000000 1.000000 1.000000 0.797113 0.448292 0.422358 0.487633 0.876049 1.000000 1.000000 1.000000
0.980271 0.989766 1.000000 0.536787 0.585445 0.772844 1.000000 0.996996 0.975711 0.915744 0.826491 0.787653 0.711781 0.466773 0.344205 0.696498 1.000000 1.000000 1.000000 1.000000 0.459283 0.460422 0.361170 0.451841 0.772169 1.000000 1.000000 0.983590 0.955408 0.993804 1.000000 1.000000 0.590664 0.402940 0.403518 0.471748 0.821132 1.000000 1.000000 1.000000
0.990081 0.986835 0.952291 0.427947 0.536544 0.695884 0.857259 0.928176 0.978713 0.964742 0.764262 0.696928 0.676894 0.604371 0.414443 0.780398 1.000000 1.000000 1.000000 1.000000 1.000000 0.931319 0.565490 0.610229 0.843442 1.000000 1.000000 0.995637 0.976784 1.000000 1.000000 1.000000 0.886752 0.385522 0.317134 0.346623 0.755427 1.000000 1.000000 0.954617
0.975018 0.957341 0.924140 0.527103 0.494658 0.858209 0.961421 0.967531 0.938487 0.843630 0.717827 0.698081 0.693080 0.624561 0.463255 0.569370 0.906026 1.000000 1.000000 1.000000 1.000000 1.000000 0.755698 0.648887 0.728943 0.962807 1.000000 0.997947 0.973217 0.948372 0.840559 0.891969 0.717156 0.471645 0.354110 0.386373 0.814479 1.000000 1.000000 0.967635
0.996087 0.976433 0.958001 0.849890 0.826836 0.985495 0.936799 0.901644 0.864497 0.808460 0.738545 0.755946 0.740020 0.652829 0.600760 0.957286 1.000000 1.000000 1.000000 0.780467 0.835944 0.907228 0.868812 0.768908 0.798869 0.919930 1.000000 1.000000 0.998039 0.953632 0.648917 0.598640 0.545492 0.432732 0.362319 0.332410 0.723507 1.000000 1.000000 1.000000
1.000000 0.985291 0.890677 0.740649 0.908219 0.867832 0.805524 0.776551 0.772399 0.946792 1.000000 0.972127 0.741535 0.695803 0.722321 1.000000 1.000000 1.000000 0.856186 0.738898 0.892048 1.000000 1.000000 0.918834 0.888532 0.986004 1.000000 1.000000 1.000000 1.000000 1.000000 0.754083 0.572552 0.377586 0.344429 0.543871 0.828395 1.000000 1.000000 1.000000
0.977765 0.949664 0.933852 0.963847 0.978001 0.997419 0.880638 0.831793 0.831741 0.820947 0.792460 0.903640 0.916959 0.770318 0.611285 0.521698 0.749818 0.876036 0.836798 0.787768 1.000000 1.000000 0.988796 0.850002 0.765166 0.851883 1.000000 1.000000 1.000000 0.995892 0.531476 0.517814 0.573342 0.490526 0.322910 0.373533 0.881208 1.000000 1.000000 1.000000
0.954545 0.936343 0.959826 0.974636 0.973547 0.981318 0.850315 0.821477 0.799378 0.746334 0.908653 1.000000 1.000000 0.921168 0.757937 0.916006 1.000000 1.000000 0.836074 0.596819 0.708390 0.954801 0.990150 0.962807 0.894192 0.785707 0.527021 1.000000 1.000000 1.000000 0.644443 0.432861 0.453935 0.482740 0.371970 0.293918 0.850028 1.000000 1.000000 1.000000
1.000000 0.937613 0.911299 0.930345 0.936029 0.908658 0.804014 0.756673 0.711214 0.733228 0.985993 1.000000 1.000000 0.927071 0.920544 1.000000 1.000000 0.926573 0.741119 0.527703 0.683772 0.965302 1.000000 1.000000 1.000000 0.887385 0.673732 1.000000 1.000000 1.000000 0.974971 0.558438 0.361797 0.417792 0.427754 0.597429 0.866818 0.968762 1.000000 1.000000
0.951916 0.923995 0.963088 0.983085 0.990228 1.000000 0.944027 0.823997 0.784774 0.734630 0.883854 0.956291 0.993206 0.982397 0.863044 0.868919 0.845759 0.809739 0.764605 0.869178 0.977345 0.999824 1.000000 0.996030 0.819747 0.631343 0.458799 0.795137 1.000000 1.000000 1.000000 0.389781 0.412991 0.413261 0.433960 0.510271 0.825114 1.000000 1.000000 1.000000
0.294135 0.739910 0.982071 0.980176 0.946741 0.888538 0.808728 0.812103 0.793555 0.725866 0.803959 0.977288 1.000000 1.000000 0.859377 0.803436 0.909537 0.890180 0.732083 0.548799 0.793050 0.992252 1.000000 1.000000 0.854547 0.292815 0.371172 0.723146 1.000000 1.000000 1.000000 0.705501 0.469257 0.450035 0.364731 0.310663 0.465940 0.989731 1.000000 1.000000
0.546880 0.913606 0.981966 0.957430 0.928823 0.930349 0.890647 0.839946 0.741921 0.407548 0.939537 0.989159 1.000000 1.000000 0.923645 1.000000 1.000000 0.873689 0.654233 0.364410 0.757099 0.989239 1.000000 1.000000 1.000000 0.747634 0.487156 0.753107 1.000000 1.000000 1.000000 0.852615 0.543287 0.440679 0.416965 0.459332 0.529165 0.923958 1.000000 1.000000
