0.070988 0.377862 1.000000 1.000000 1.000000 0.813355 0.653595 0.631394 0.633054 0.578147 0.651279 0.994297 1.000000 0.997229 0.948377 0.913356 0.985653 1.000000 1.000000 1.000000 0.942418 0.859530 0.960131 0.992602 1.000000 1.000000 0.998681 0.311173 0.040928 0.185018 0.367634 0.717556 0.935978 0.886635 0.376420 0.396683 0.508103 0.683279 0.845540 0.989139
0.001385 0.091377 0.797440 1.000000 1.000000 0.807327 0.642432 0.579410 0.667835 0.723429 0.621842 0.718123 0.994327 1.000000 1.000000 0.972795 0.913904 0.831191 0.993676 0.751512 0.466429 0.238251 1.000000 1.000000 1.000000 0.996129 0.944999 0.412496 0.038322 0.000000 0.199793 0.952181 0.975660 0.971487 0.512846 0.293639 0.454257 0.753576 0.746329 0.863883
0.173646 0.488341 0.960845 1.000000 1.000000 0.879578 0.791117 0.874440 0.949096 0.902738 0.817972 0.940057 1.000000 1.000000 1.000000 0.961791 0.873411 0.831812 0.927996 1.000000 1.000000 0.784819 0.740069 1.000000 1.000000 1.000000 0.999214 0.792597 0.226081 0.129662 0.381872 0.898544 0.882665 0.814752 0.404839 0.456848 0.692701 0.823151 0.566284 0.755772
0.017399 0.243796 0.842846 1.000000 1.000000 0.861081 0.692848 0.664717 0.684553 0.527911 0.543599 0.795961 0.952527 0.937609 0.965850 1.000000 1.000000 1.000000 1.000000 0.935750 0.915690 0.957973 0.964830 0.999331 1.000000 1.000000 0.998789 0.414651 0.129244 0.108675 0.235597 0.940663 0.967464 0.951756 0.793693 0.606162 0.666200 0.758069 0.519588 0.812596
0.000000 0.007115 0.588663 0.978211 1.000000 0.895171 0.654792 0.549863 0.728454 0.737876 0.727571 0.706957 0.992910 0.975202 0.993529 1.000000 1.000000 0.798681 0.418540 0.382326 0.314643 0.373713 1.000000 0.999641 0.987735 0.974703 0.931427 0.218122 0.123143 0.079243 0.211409 0.960251 0.983176 0.985866 0.960023 0.642467 0.615310 0.694671 0.477358 0.734303
0.004003 0.147959 0.507220 0.762007 0.951286 0.979527 0.950120 0.947161 0.903842 0.816389 0.680271 0.729583 1.000000 1.000000 1.000000 0.970795 0.795725 0.289989 0.431381 0.561926 0.471694 0.697217 1.000000 1.000000 0.997666 0.990964 0.979264 0.671983 0.225673 0.113744 0.359006 0.898687 0.897035 0.920484 0.961192 0.830924 0.724903 0.701748 0.451476 0.662225
0.243645 0.365109 0.541787 0.705536 0.843203 0.960268 0.985889 0.973480 0.668087 0.483175 0.508543 0.651682 0.864209 0.948761 1.000000 1.000000 0.729801 0.112342 0.082163 0.439751 0.523928 0.712397 0.992063 1.000000 0.999830 0.999018 0.998286 0.587164 0.217323 0.101934 0.286773 0.896929 0.909099 0.957300 0.983534 0.979992 0.790649 0.665119 0.311310 0.662692
0.460018 0.443576 0.545110 0.644331 0.760911 0.887939 0.939415 1.000000 0.972876 0.750734 0.551601 0.549699 0.766916 0.845766 0.986467 1.000000 1.000000 0.687106 0.310281 0.232122 0.136414 0.276759 0.916377 1.000000 0.998298 0.984224 0.743363 0.226441 0.156438 0.099667 0.243778 0.894242 0.919013 0.964724 0.971538 0.980116 0.750655 0.511147 0.125805 0.585113
0.642707 0.498938 0.418712 0.512819 0.701894 0.960877 1.000000 1.000000 1.000000 0.889311 0.709299 0.739720 0.863028 0.934832 0.986890 1.000000 0.945611 0.426624 0.354506 0.367337 0.209315 0.527098 1.000000 1.000000 1.000000 0.975674 0.867371 0.407868 0.256385 0.176477 0.393537 0.871698 0.878665 0.942967 0.964328 0.969340 0.753089 0.484436 0.304200 0.573609
0.806898 0.711830 0.426363 0.376160 0.574669 0.956722 1.000000 1.000000 0.866916 0.645720 0.582629 0.719633 0.802360 0.945455 1.000000 1.000000 0.802661 0.356361 0.518430 0.609277 0.362383 0.339623 1.000000 1.000000 1.000000 0.985657 0.867176 0.403124 0.228889 0.105076 0.294247 0.851047 0.892339 0.967349 0.978541 0.967639 0.733678 0.493611 0.283252 0.791736
0.818641 0.744732 0.459327 0.366182 0.544177 0.868522 0.973298 1.000000 1.000000 0.868953 0.811497 0.799853 0.737642 0.868847 0.972365 1.000000 1.000000 1.000000 0.885160 0.525588 0.049215 0.006191 1.000000 1.000000 1.000000 0.986897 0.564500 0.178310 0.084375 0.002660 0.151211 0.859899 0.963756 0.974459 0.968859 0.937713 0.631557 0.294216 0.180440 0.719165
0.724001 0.635082 0.414989 0.367759 0.615524 0.905886 0.946052 0.987674 1.000000 0.989573 0.964544 0.898228 0.891122 0.852589 0.897063 0.734079 0.778932 0.998812 0.893551 0.443179 0.009483 0.010308 1.000000 1.000000 1.000000 0.964360 0.781169 0.241274 0.083620 0.000000 0.180297 0.892456 0.973060 0.973454 0.962615 0.899212 0.591565 0.332160 0.407249 0.742778
0.799350 0.748356 0.523166 0.246731 0.476216 0.810761 0.891176 0.861937 0.917494 0.791743 0.878392 0.921408 1.000000 1.000000 0.988781 0.817015 0.697031 1.000000 1.000000 1.000000 0.377077 0.098348 0.988142 1.000000 1.000000 0.990345 0.696175 0.254089 0.031922 0.000000 0.031653 0.868673 0.982485 0.986564 0.964817 0.829260 0.588700 0.379039 0.515363 0.976133
0.833912 0.864583 0.700443 0.284853 0.380443 0.645013 0.772266 0.811681 1.000000 1.000000 0.960500 0.941211 1.000000 1.000000 0.787313 0.624385 0.756470 1.000000 1.000000 1.000000 0.509493 0.265121 0.957213 0.999047 1.000000 1.000000 0.827336 0.212354 0.000000 0.000000 0.000000 0.896123 0.971115 0.978525 0.946657 0.693591 0.409564 0.239586 0.453355 0.968239
0.750843 0.825435 0.664672 0.308696 0.413049 0.727854 0.774285 0.829541 1.000000 1.000000 0.963695 0.961420 1.000000 1.000000 0.588317 0.464627 0.618523 0.853375 1.000000 0.986320 0.367451 0.290460 0.982063 0.999062 0.998242 0.994390 0.983749 0.300867 0.000000 0.000000 0.190783 0.923994 0.959837 0.967697 0.948973 0.683328 0.351469 0.312552 0.602078 0.979257
0.759615 0.837415 0.769586 0.190094 0.217504 0.692276 0.800918 0.868337 0.844653 0.678805 0.878187 0.979231 1.000000 1.000000 1.000000 0.750166 0.688112 0.800889 0.995984 0.996458 0.583993 0.252206 0.953147 0.999206 1.000000 0.998230 0.852347 0.189704 0.000000 0.000000 0.208152 0.942716 0.955030 0.963980 0.931869 0.627610 0.414529 0.474468 0.777590 1.000000
0.823862 0.959408 0.951299 0.432252 0.448433 0.665860 0.805563 0.975463 0.839603 0.454868 0.786736 0.973031 1.000000 1.000000 1.000000 0.798697 0.675881 0.748022 0.993489 1.000000 0.892224 0.703321 0.918924 0.993618 1.000000 1.000000 0.773207 0.317405 0.000000 0.000000 0.342563 0.928950 0.940423 0.945878 0.819043 0.446417 0.347677 0.439177 0.803924 1.000000
0.782190 0.921233 0.908503 0.500452 0.489962 0.659325 0.832078 1.000000 0.808121 0.232440 0.509395 0.946121 1.000000 1.000000 1.000000 0.958100 0.664106 0.688803 0.811604 0.739648 0.774635 0.844807 0.948179 0.995874 1.000000 1.000000 0.874156 0.560704 0.167607 0.213405 0.479717 0.924789 0.934742 0.940591 0.746406 0.314459 0.257111 0.474686 0.904342 1.000000
0.775670 0.882290 0.869424 0.532694 0.530527 0.693186 0.908164 1.000000 0.470142 0.142097 0.385397 0.922344 1.000000 1.000000 1.000000 1.000000 0.962124 0.775399 0.772879 0.662814 0.783270 0.902603 0.972754 1.000000 1.000000 1.000000 0.799295 0.610793 0.344235 0.339019 0.537052 0.927866 0.936292 0.943466 0.615393 0.275740 0.270448 0.617409 1.000000 1.000000
0.878141 0.932295 0.759010 0.488956 0.599648 0.817784 0.978356 1.000000 0.317405 0.147416 0.394620 0.809580 0.969772 1.000000 1.000000 1.000000 1.000000 0.780755 0.671933 0.637626 0.899523 0.905609 0.966452 0.996085 1.000000 1.000000 0.816993 0.767238 0.588125 0.512541 0.658574 0.928672 0.929168 0.911317 0.508284 0.300690 0.285587 0.728163 1.000000 1.000000
0.970343 0.907749 0.547876 0.320990 0.628739 0.984565 1.000000 1.000000 0.311605 0.231363 0.432490 0.674290 0.863202 0.970727 1.000000 1.000000 1.000000 0.758610 0.541833 0.519518 0.820361 0.907426 0.975650 0.998684 1.000000 0.863670 0.802368 0.923365 0.831851 0.661212 0.724651 0.934482 0.924814 0.773198 0.409494 0.320893 0.440768 0.917016 1.000000 1.000000
0.979734 0.821751 0.367886 0.161741 0.560450 1.000000 1.000000 0.962827 0.443348 0.343092 0.481439 0.598509 0.699089 0.944222 1.000000 1.000000 1.000000 1.000000 0.650894 0.617192 0.897361 0.910847 0.959161 0.999528 1.000000 0.765770 0.743163 0.954528 0.949781 0.791787 0.755740 0.909869 0.934166 0.653221 0.371688 0.304082 0.467277 0.895979 1.000000 1.000000
1.000000 0.856522 0.164346 0.000000 0.497848 1.000000 1.000000 0.943388 0.584916 0.353663 0.480332 0.570182 0.548296 0.649195 1.000000 1.000000 1.000000 1.000000 0.714098 0.649326 0.870224 0.907347 0.925604 0.993225 0.965192 0.716627 0.724871 0.961207 0.937322 0.880692 0.788580 0.845944 0.819495 0.538519 0.355041 0.341127 0.595560 0.890543 1.000000 1.000000
1.000000 0.988524 0.345718 0.000000 0.368688 1.000000 1.000000 1.000000 0.695777 0.427638 0.511340 0.579079 0.492608 0.381899 0.984227 1.000000 1.000000 1.000000 0.688784 0.693630 0.791895 0.874868 0.760682 0.638680 0.746444 0.651124 0.710811 0.920247 0.916019 0.978365 0.868729 0.782839 0.618741 0.425667 0.342498 0.390955 0.694164 0.895458 1.000000 1.000000
1.000000 0.893817 0.307846 0.000000 0.121625 0.887321 1.000000 1.000000 0.611309 0.354284 0.468709 0.565647 0.506174 0.246523 0.870361 1.000000 1.000000 1.000000 0.952584 0.887547 0.915358 0.905472 0.653116 0.514112 0.604910 0.680557 0.804645 0.867775 0.856022 0.959752 1.000000 0.948306 0.671978 0.385292 0.298359 0.325183 0.648263 0.853623 0.949753 1.000000
1.000000 0.843598 0.317989 0.000000 0.140612 0.992466 1.000000 1.000000 0.584164 0.427619 0.527833 0.640353 0.582537 0.144317 0.554533 1.000000 1.000000 1.000000 0.855552 0.825445 0.774115 0.709433 0.467388 0.118894 0.374544 0.476216 0.868006 0.958032 0.814735 0.875482 1.000000 1.000000 0.661029 0.322451 0.288510 0.381444 0.803691 0.917134 0.992045 1.000000
1.000000 1.000000 0.588133 0.236519 0.390611 1.000000 1.000000 1.000000 0.676210 0.564534 0.584733 0.679305 0.672536 0.265053 0.497886 1.000000 1.000000 1.000000 0.855508 0.775446 0.733784 0.602371 0.333658 0.135486 0.631288 0.596395 0.753915 0.978285 0.854585 0.821814 1.000000 1.000000 0.577741 0.228897 0.227387 0.358569 0.830956 1.000000 0.940717 0.882079
1.000000 0.942423 0.595773 0.378441 0.437096 0.617676 0.928399 0.988478 0.854642 0.535842 0.502695 0.675167 0.717054 0.429537 0.377975 1.000000 1.000000 1.000000 0.881692 0.791760 0.903823 0.450284 0.042209 0.188081 0.864686 0.882454 0.810814 0.914872 0.809888 0.767415 0.964657 1.000000 1.000000 0.189560 0.107570 0.208348 0.860061 1.000000 0.871065 0.720547
0.828823 0.736215 0.607132 0.324057 0.379109 0.585609 1.000000 1.000000 0.954518 0.389744 0.450110 0.747193 0.743304 0.383724 0.271895 0.799689 1.000000 1.000000 0.880113 0.857981 0.868117 0.283143 0.005083 0.013471 0.618222 0.876203 0.767267 0.874203 0.766920 0.659465 0.873900 1.000000 1.000000 0.330878 0.197481 0.345843 0.978495 1.000000 0.918022 0.663898
0.971705 0.964041 0.853306 0.304973 0.296838 0.701959 1.000000 1.000000 0.864959 0.435816 0.591278 0.811652 0.755742 0.479322 0.381810 1.000000 1.000000 1.000000 0.953613 0.962032 0.608898 0.181432 0.010780 0.156518 0.834546 0.890993 0.721750 0.807168 0.855547 0.765845 0.748509 0.945990 0.721635 0.235589 0.204232 0.392732 0.986326 1.000000 0.910339 0.796143
1.000000 0.997576 0.836830 0.030818 0.188374 0.499421 0.833831 0.986362 0.996726 0.746711 0.579006 0.638532 0.684740 0.783757 0.891780 1.000000 1.000000 1.000000 0.988400 1.000000 1.000000 0.726829 0.138289 0.397731 1.000000 0.907463 0.690603 0.620903 0.831901 0.950676 0.899125 0.960721 1.000000 0.155675 0.048524 0.232008 0.971200 1.000000 0.856747 0.814107
0.821932 0.838604 0.787787 0.180267 0.181470 0.691055 0.894290 1.000000 1.000000 0.670175 0.305039 0.585329 0.789192 0.933544 0.847348 0.811433 0.955001 0.941747 0.937670 1.000000 1.000000 0.826538 0.287751 0.254363 0.663129 0.930337 0.730025 0.538293 0.607945 0.849524 0.889152 0.963292 1.000000 0.404009 0.150750 0.306959 0.983790 1.000000 0.934904 0.822309
0.945621 0.933924 0.931406 0.679794 0.196620 0.518397 0.897440 1.000000 0.929135 0.388450 0.332315 0.771946 0.820893 0.874953 1.000000 1.000000 1.000000 0.982647 0.980547 1.000000 1.000000 0.780338 0.493097 0.357117 0.580686 0.938056 0.823053 0.786682 0.913311 1.000000 0.580575 0.453539 0.372296 0.272724 0.178380 0.187832 0.778454 1.000000 1.000000 0.910269
1.000000 1.000000 0.822079 0.241099 0.246978 0.411506 0.705496 0.846818 0.806930 0.872184 0.962150 0.895020 0.757457 0.864474 1.000000 1.000000 1.000000 0.968784 0.892179 0.889771 1.000000 1.000000 0.855085 0.678229 0.804669 0.929831 0.822149 0.888082 1.000000 1.000000 1.000000 0.625464 0.206963 0.000000 0.046719 0.395999 0.731629 0.836619 0.922154 0.924424
1.000000 0.896097 0.779818 0.734234 0.662408 0.804701 0.946159 0.978121 1.000000 1.000000 0.914734 0.784725 0.844504 1.000000 1.000000 0.828402 0.809417 0.839087 0.771700 0.842636 1.000000 1.000000 0.806445 0.498311 0.544051 0.929524 0.810926 0.718683 0.926996 1.000000 0.532587 0.442308 0.405383 0.167274 0.000345 0.258282 0.950162 0.949626 0.980624 0.953991
0.847312 0.806144 0.795313 0.757540 0.665615 0.756856 0.764468 0.798707 0.846835 0.888334 0.778803 0.766382 0.903122 1.000000 1.000000 1.000000 0.995654 1.000000 1.000000 0.752597 0.780639 0.893245 0.711445 0.577648 0.620454 0.785283 0.517802 0.901465 0.983139 1.000000 0.546241 0.356711 0.392370 0.330244 0.009385 0.000000 0.859017 0.948611 1.000000 0.999132
1.000000 1.000000 0.763782 0.574773 0.462177 0.621889 0.652121 0.647523 0.666147 0.980998 0.980869 0.933448 0.865986 0.894088 1.000000 1.000000 1.000000 1.000000 0.770557 0.458014 0.670320 0.977879 0.968426 0.931607 0.944076 0.830710 0.572596 0.947365 1.000000 1.000000 1.000000 0.458857 0.184677 0.280066 0.214040 0.265481 0.715542 0.866781 0.931052 1.000000
1.000000 1.000000 0.834915 0.776438 0.809427 0.967872 1.000000 0.918589 0.829278 0.923897 1.000000 0.967730 0.925991 1.000000 1.000000 1.000000 0.756554 0.689483 0.655307 0.760492 0.893483 0.969900 0.999579 1.000000 0.760591 0.481342 0.230855 0.564888 0.912920 1.000000 1.000000 0.185193 0.148043 0.195040 0.328666 0.472347 0.864662 0.889099 0.979413 1.000000
0.325999 0.601788 0.842911 0.740997 0.466302 0.403423 0.706417 0.871671 0.877070 0.817332 0.849039 0.901229 0.949015 1.000000 1.000000 0.813563 0.966691 1.000000 1.000000 0.487433 0.453224 0.742712 0.887643 0.903476 0.653061 0.166409 0.271056 0.541298 0.851383 0.996028 1.000000 0.653168 0.224528 0.166463 0.064364 0.084904 0.441885 0.897017 0.928487 1.000000
0.821392 1.000000 1.000000 0.831490 0.568120 0.686359 0.740227 0.752944 0.746419 0.781906 0.987943 0.945903 0.950429 1.000000 1.000000 1.000000 1.000000 1.000000 0.614384 0.013275 0.427037 0.954505 1.000000 1.000000 0.951789 0.512662 0.359813 0.882680 0.995401 1.000000 1.000000 0.852972 0.417446 0.213142 0.076970 0.193098 0.375797 0.891442 0.909019 0.984734
